1	1	2	2	2.5
1	2	1	2	3.5
1	3	1	2	3
1	4	1	3.5	3
1	5	1	2.5	2
1	6	2	4	2.5
1	7	1	2.5	2.5
1	8	1	3.5	3
1	9	1	3	2.5
1	10	1	3.5	2.5
2	1	1	3	3
2	2	2	3	3.5
2	3	2	2	3
2	4	2	3.5	3
2	5	2	3	3.5
2	6	1	2	4
2	7	1	3.5	4
2	8	1	3	4
2	9	1	2	3
2	10	2	3	2
3	1	2	4	3.5
3	2	2	3.5	3
3	3	2	3.5	2
3	4	1	2	2.5
3	5	2	3	2.5
3	6	1	2	3
3	7	1	2.5	4
3	8	2	4	4
3	9	1	3	4
3	10	2	3	2.5
4	1	1	3.5	4
4	2	2	3	2
4	3	1	2	4
4	4	2	3.5	2
4	5	1	3.5	2.5
4	6	2	2	3
4	7	1	2.5	3
4	8	1	2.5	3.5
4	9	1	3	4
4	10	1	3	3.5
5	1	2	2	2
5	2	1	3.5	4
5	3	2	4	2
5	4	2	3.5	2
5	5	2	3.5	2
5	6	2	3	2.5
5	7	1	2	3
5	8	2	4	2
5	9	1	2	3.5
5	10	1	4	2.5
6	1	1	3.5	2
6	2	1	3.5	2
6	3	1	3	2.5
6	4	1	2.5	2
6	5	1	3.5	2.5
6	6	2	2	4
6	7	1	3	4
6	8	1	2.5	2
6	9	1	3	2.5
6	10	1	3	4
7	1	2	4	2.5
7	2	2	3.5	2.5
7	3	1	4	3
7	4	1	2.5	4
7	5	2	2.5	4
7	6	2	3.5	3.5
7	7	2	2	3.5
7	8	2	4	4
7	9	2	4	2.5
7	10	1	3	2.5
8	1	1	3.5	2.5
8	2	1	4	4
8	3	1	3.5	3
8	4	1	3.5	3.5
8	5	1	2	2.5
8	6	1	4	2
8	7	1	2.5	2
8	8	1	3.5	2.5
8	9	1	2	2.5
8	10	1	2	3.5
9	1	2	2	2.5
9	2	2	3.5	2.5
9	3	2	3.5	2
9	4	2	3.5	4
9	5	2	3	3.5
9	6	2	3	3.5
9	7	2	2	2
9	8	2	4	2.5
9	9	2	3	3
9	10	2	3.5	3.5
10	1	1	4	4
10	2	1	3	2.5
10	3	1	2.5	4
10	4	2	2.5	3
10	5	1	2	2
10	6	1	3.5	3.5
10	7	1	2.5	4
10	8	1	2	4
10	9	1	2	4
10	10	1	3.5	2.5
11	1	2	3	2.5
11	2	1	3.5	4
11	3	1	2.5	3.5
11	4	2	4	4
11	5	2	3.5	3.5
11	6	1	2.5	3
11	7	1	3.5	3.5
11	8	2	4	3.5
11	9	2	3	3
11	10	2	3	2
12	1	1	4	4
12	2	1	2	3.5
12	3	1	2.5	3.5
12	4	2	3	3
12	5	1	3.5	2.5
12	6	1	2	4
12	7	1	2	3.5
12	8	1	4	2
12	9	1	2.5	3.5
12	10	1	2	4
13	1	2	2	3.5
13	2	2	3	2.5
13	3	2	2	3.5
13	4	2	2	3.5
13	5	2	3	4
13	6	1	2	3.5
13	7	2	4	3
13	8	2	4	4
13	9	2	2	4
13	10	2	3	3
14	1	2	3	4
14	2	1	2	2.5
14	3	2	2.5	2
14	4	2	2.5	4
14	5	2	4	3.5
14	6	1	2	3.5
14	7	2	3.5	3.5
14	8	2	3.5	2
14	9	2	3	2
14	10	2	2	3.5
15	1	2	3	2.5
15	2	2	3	2
15	3	1	2	4
15	4	1	2.5	3
15	5	2	4	2
15	6	2	4	3.5
15	7	1	3.5	3.5
15	8	2	3	2
15	9	1	2	3
15	10	2	3	2
16	1	1	3.5	4
16	2	1	2	3.5
16	3	1	2	2
16	4	2	4	4
16	5	1	4	4
16	6	1	2.5	3.5
16	7	1	2	3.5
16	8	1	2.5	4
16	9	1	2	4
16	10	1	3.5	4
17	1	2	2	3.5
17	2	2	4	3.5
17	3	2	3	4
17	4	2	2.5	2.5
17	5	2	2.5	3
17	6	2	4	4
17	7	2	2	3.5
17	8	2	3.5	3.5
17	9	2	2	3.5
17	10	2	4	3.5
18	1	2	4	2.5
18	2	1	3.5	2.5
18	3	2	4	3
18	4	2	3.5	2
18	5	2	2	2
18	6	1	2.5	3.5
18	7	1	2	3.5
18	8	2	4	2.5
18	9	1	3	3.5
18	10	1	2.5	3.5
19	1	2	3	2
19	2	2	3	4
19	3	2	3.5	2
19	4	2	2	4
19	5	2	2.5	2.5
19	6	2	2.5	2
19	7	2	2	3
19	8	2	4	4
19	9	2	4	4
19	10	2	2	3.5
20	1	2	3.5	3
20	2	1	2.5	3.5
20	3	1	2.5	4
20	4	2	3	4
20	5	2	4	3
20	6	2	4	3.5
20	7	1	3.5	4
20	8	2	3	3
20	9	2	3.5	2.5
20	10	1	2.5	2
21	1	2	2	2.5
21	2	2	3.5	3
21	3	2	2.5	2.5
21	4	2	3	2
21	5	1	2.5	4
21	6	1	2	4
21	7	1	2	4
21	8	1	3	3.5
21	9	2	3.5	2
21	10	2	2.5	2
22	1	1	3	2.5
22	2	2	4	2.5
22	3	1	3	2.5
22	4	2	3	2
22	5	2	2.5	2.5
22	6	2	3.5	4
22	7	2	4	2
22	8	2	4	2.5
22	9	1	2.5	2.5
22	10	1	4	3
23	1	1	3	3.5
23	2	1	3	3
23	3	1	3.5	4
23	4	1	2.5	2.5
23	5	1	3	4
23	6	1	4	2.5
23	7	1	3	3
23	8	1	2.5	2.5
23	9	1	3	2
23	10	1	2	4
24	1	2	3	2.5
24	2	1	2	3.5
24	3	2	3	2.5
24	4	2	4	4
24	5	1	3.5	3
24	6	1	2	2
24	7	2	2.5	4
24	8	2	3.5	3.5
24	9	2	3	2
24	10	1	4	3.5
25	1	2	2.5	3
25	2	2	3.5	2
25	3	1	2.5	3
25	4	2	2	2.5
25	5	1	4	2
25	6	2	4	4
25	7	1	2	3.5
25	8	1	3.5	3.5
25	9	1	2.5	2.5
25	10	1	2.5	4
26	1	2	3.5	3.5
26	2	1	2.5	3.5
26	3	2	3.5	2
26	4	2	4	3
26	5	2	4	4
26	6	2	2	3
26	7	1	3.5	4
26	8	1	2.5	4
26	9	2	3.5	2
26	10	2	3.5	2
27	1	1	2	2.5
27	2	2	3	2
27	3	2	2.5	3
27	4	2	2	2.5
27	5	1	2.5	2
27	6	2	4	2.5
27	7	1	2	4
27	8	2	3.5	2
27	9	2	3	3
27	10	2	3	2.5
28	1	2	4	2.5
28	2	2	3.5	3.5
28	3	1	2	3.5
28	4	2	4	2.5
28	5	1	3	4
28	6	1	2.5	3
28	7	2	3.5	2.5
28	8	1	3	2.5
28	9	2	2.5	2
28	10	2	2.5	2.5
29	1	1	3	2.5
29	2	1	3.5	3
29	3	1	4	3
29	4	2	2	4
29	5	1	3	2.5
29	6	1	3	3
29	7	2	2.5	2
29	8	1	2.5	4
29	9	1	3.5	2.5
29	10	1	4	3.5
30	1	2	4	3
30	2	1	3	4
30	3	1	3.5	3.5
30	4	1	3.5	4
30	5	2	2.5	2
30	6	1	2.5	3.5
30	7	2	2.5	2
30	8	1	2	3.5
30	9	2	4	3
30	10	2	2.5	3
31	1	1	2.5	2.5
31	2	1	3.5	4
31	3	1	2	4
31	4	2	3	2
31	5	1	2	3
31	6	1	2	3
31	7	2	3.5	2.5
31	8	2	3.5	4
31	9	1	3.5	3
31	10	2	2.5	2.5
32	1	1	2.5	2
32	2	2	2.5	4
32	3	2	4	2.5
32	4	2	3.5	2.5
32	5	1	3	3
32	6	1	3	3.5
32	7	2	3.5	2
32	8	1	2	4
32	9	2	2.5	3
32	10	2	4	2
33	1	2	2	3
33	2	1	2.5	2
33	3	2	4	3
33	4	2	3.5	3
33	5	2	4	3
33	6	2	4	2
33	7	1	2	4
33	8	1	3	2.5
33	9	1	2	3.5
33	10	1	2	3.5
34	1	2	3.5	2.5
34	2	1	3.5	2.5
34	3	2	2	2.5
34	4	2	4	3.5
34	5	1	3	3.5
34	6	1	2	3.5
34	7	2	2.5	2.5
34	8	1	4	4
34	9	2	3	3
34	10	2	3	3
35	1	2	3.5	3.5
35	2	1	3	3
35	3	2	4	3
35	4	1	2.5	2.5
35	5	1	2.5	3.5
35	6	1	3.5	3
35	7	2	2	2
35	8	1	3.5	2.5
35	9	2	4	4
35	10	1	3	4
36	1	1	3.5	3
36	2	1	3.5	3
36	3	1	2.5	2.5
36	4	1	3	4
36	5	1	4	4
36	6	2	4	3.5
36	7	1	4	4
36	8	1	2	2
36	9	2	3	2
36	10	1	3	3.5
37	1	2	2.5	2
37	2	1	2	3
37	3	2	4	3
37	4	1	2.5	3.5
37	5	2	2	2.5
37	6	1	3	3.5
37	7	2	4	2
37	8	1	2	2.5
37	9	2	3.5	2.5
37	10	2	3.5	2.5
38	1	1	2	4
38	2	2	4	2
38	3	2	3	4
38	4	2	4	2
38	5	2	3.5	2.5
38	6	1	2.5	3.5
38	7	1	2.5	4
38	8	2	2.5	2
38	9	1	2	3.5
38	10	2	3.5	3
39	1	1	2.5	2.5
39	2	1	3.5	2
39	3	1	4	4
39	4	1	3.5	4
39	5	1	2	4
39	6	1	2.5	4
39	7	1	2.5	4
39	8	1	2	3.5
39	9	1	4	3.5
39	10	1	2.5	2
40	1	2	3	3.5
40	2	2	4	3.5
40	3	2	2	2
40	4	2	3.5	3
40	5	1	2.5	3
40	6	2	2.5	3
40	7	2	3.5	3.5
40	8	1	2.5	3
40	9	2	4	3
40	10	2	2.5	2.5
41	1	1	3	3.5
41	2	2	2.5	2
41	3	2	3	2
41	4	1	2	2.5
41	5	1	2	3
41	6	2	2	2
41	7	1	2.5	2.5
41	8	2	4	2.5
41	9	1	3.5	4
41	10	2	3	2.5
42	1	2	2.5	2.5
42	2	2	4	2
42	3	2	4	2
42	4	1	2	4
42	5	1	2	3
42	6	1	3	2.5
42	7	2	3	2
42	8	1	2.5	2.5
42	9	2	3	2
42	10	2	4	2
43	1	2	3	3
43	2	1	2.5	4
43	3	2	3	3
43	4	2	3.5	3.5
43	5	1	3.5	2.5
43	6	1	2.5	2
43	7	2	3.5	3
43	8	2	4	3.5
43	9	2	4	2.5
43	10	1	2.5	4
44	1	1	2.5	3.5
44	2	2	3	3
44	3	2	4	2
44	4	2	3	2
44	5	1	2	2.5
44	6	2	2	3
44	7	2	4	3.5
44	8	1	2.5	3
44	9	2	2.5	2
44	10	1	3	3.5
45	1	1	4	3
45	2	1	2.5	2.5
45	3	1	2	2.5
45	4	1	3	2
45	5	1	3.5	4
45	6	1	2	3.5
45	7	1	2	2
45	8	1	2.5	2.5
45	9	1	2	4
45	10	1	2.5	4
46	1	1	3	4
46	2	2	2	2
46	3	1	3	3
46	4	1	2.5	4
46	5	1	2	3.5
46	6	1	3	3.5
46	7	2	3.5	3
46	8	1	2	4
46	9	1	3	2.5
46	10	2	4	2
47	1	1	3	2.5
47	2	1	2.5	2
47	3	1	2.5	4
47	4	2	2	2.5
47	5	1	3	2.5
47	6	1	2	3.5
47	7	1	3	4
47	8	2	4	3
47	9	1	2	4
47	10	2	3	4
48	1	2	3.5	2
48	2	1	3	2.5
48	3	1	4	2
48	4	2	2.5	2
48	5	2	4	2.5
48	6	2	3.5	2
48	7	2	3.5	3
48	8	1	2	2
48	9	1	3	3.5
48	10	1	4	3.5
49	1	1	2	4
49	2	1	4	3
49	3	1	2.5	2.5
49	4	1	3	2
49	5	1	4	3
49	6	1	3	3.5
49	7	1	2.5	3.5
49	8	2	4	2.5
49	9	1	3	2.5
49	10	1	3	2.5
50	1	2	2.5	2
50	2	2	3.5	3.5
50	3	1	3	2.5
50	4	1	2	3.5
50	5	1	2	2
50	6	1	4	3
50	7	1	2.5	2
50	8	1	3	3
50	9	1	4	4
50	10	1	2	4
51	1	1	4	2.5
51	2	1	2	3.5
51	3	1	3.5	2.5
51	4	2	4	2.5
51	5	1	3	3.5
51	6	2	2.5	3.5
51	7	1	2.5	3.5
51	8	1	4	3
51	9	1	3.5	2.5
51	10	1	3	3
52	1	1	3	4
52	2	1	3.5	4
52	3	2	3.5	3
52	4	1	2.5	2
52	5	2	4	2.5
52	6	1	2.5	2
52	7	2	3	2.5
52	8	1	3.5	4
52	9	1	2	4
52	10	1	3	3.5
53	1	1	2	3
53	2	2	4	4
53	3	1	3.5	3.5
53	4	2	2.5	2.5
53	5	2	3	3.5
53	6	1	3.5	2
53	7	1	2.5	3.5
53	8	1	2.5	2.5
53	9	2	4	2
53	10	2	2	2
54	1	2	2.5	3
54	2	2	2.5	3
54	3	2	2.5	3.5
54	4	2	2	2
54	5	2	3	2.5
54	6	2	4	3
54	7	2	3.5	2.5
54	8	2	3	2
54	9	2	2	3
54	10	2	3	2
55	1	1	3	3
55	2	1	2.5	3
55	3	1	3.5	4
55	4	1	3.5	3.5
55	5	1	2	2.5
55	6	1	2.5	2
55	7	1	2.5	3
55	8	1	2.5	3
55	9	1	3	2
55	10	1	4	3.5
56	1	2	3	3.5
56	2	2	2	3
56	3	2	2.5	2.5
56	4	2	3	2
56	5	2	4	2
56	6	2	2	2
56	7	2	3.5	4
56	8	2	4	3
56	9	1	3.5	4
56	10	2	3	3.5
57	1	2	2.5	3
57	2	2	3.5	2
57	3	2	4	2.5
57	4	1	2.5	4
57	5	1	4	4
57	6	1	2	4
57	7	1	3	4
57	8	2	2.5	2.5
57	9	1	2	3.5
57	10	2	2	2.5
58	1	2	2.5	2.5
58	2	2	3	2
58	3	2	3.5	2.5
58	4	2	2.5	2
58	5	2	2	2.5
58	6	2	4	3
58	7	2	2.5	2
58	8	1	2	3.5
58	9	2	3.5	2
58	10	1	3.5	4
59	1	1	2	2.5
59	2	1	2	2
59	3	1	4	4
59	4	1	4	3
59	5	1	2	3.5
59	6	1	2	2
59	7	2	3	2
59	8	1	2	2
59	9	2	3	2
59	10	2	3.5	2.5
60	1	1	3	3.5
60	2	1	3	4
60	3	1	2.5	3.5
60	4	2	3.5	3.5
60	5	1	2.5	4
60	6	1	2	2.5
60	7	1	2.5	3.5
60	8	1	2	2
60	9	1	2.5	2
60	10	1	3	4
61	1	2	3	3
61	2	1	2	3.5
61	3	2	3	2.5
61	4	2	2.5	2
61	5	2	3.5	4
61	6	2	2.5	2.5
61	7	2	4	3.5
61	8	2	4	2.5
61	9	2	2.5	3
61	10	2	4	3
62	1	2	4	3
62	2	1	2	3.5
62	3	1	3	4
62	4	2	2.5	2
62	5	1	3	4
62	6	2	3	3
62	7	2	2	3
62	8	1	2	3.5
62	9	1	2	4
62	10	2	3.5	2.5
63	1	1	3	3.5
63	2	2	4	2.5
63	3	2	2.5	2.5
63	4	2	2	2
63	5	2	2	2.5
63	6	1	2	4
63	7	1	2.5	4
63	8	2	3.5	3
63	9	2	3	2.5
63	10	1	2.5	4
64	1	1	3.5	2
64	2	1	2.5	3.5
64	3	1	2	3.5
64	4	1	3	2.5
64	5	1	3.5	3
64	6	1	4	4
64	7	1	2	3.5
64	8	2	2	2.5
64	9	1	4	2
64	10	1	3	3
65	1	2	4	2
65	2	2	3.5	4
65	3	2	2	3
65	4	1	2.5	2
65	5	2	4	2
65	6	2	3.5	2.5
65	7	2	3.5	3.5
65	8	2	3.5	3
65	9	2	4	3.5
65	10	2	3	2.5
66	1	2	3.5	3.5
66	2	1	3	3.5
66	3	1	3	2
66	4	2	4	2.5
66	5	1	2	3
66	6	1	2.5	2.5
66	7	1	4	3
66	8	1	3	3
66	9	1	4	3.5
66	10	2	3.5	4
67	1	2	2	2
67	2	2	4	3.5
67	3	1	2.5	3.5
67	4	1	3	4
67	5	1	2.5	4
67	6	1	2	4
67	7	2	2.5	2
67	8	2	2.5	3
67	9	1	3	3.5
67	10	2	2	2
68	1	2	2	2.5
68	2	1	2	3.5
68	3	1	3	4
68	4	2	2	2
68	5	1	2	2
68	6	2	4	3
68	7	1	2	2
68	8	2	3	2
68	9	2	2	2.5
68	10	1	2	2
69	1	1	2.5	3.5
69	2	1	2.5	2.5
69	3	2	4	2
69	4	2	3	4
69	5	1	4	3
69	6	1	4	3
69	7	1	4	2.5
69	8	2	4	2.5
69	9	1	3.5	2.5
69	10	1	3	2.5
70	1	2	3.5	2.5
70	2	1	4	3.5
70	3	1	3.5	3
70	4	1	2	4
70	5	2	4	4
70	6	1	2	2
70	7	1	3.5	3.5
70	8	1	4	2
70	9	1	4	4
70	10	1	4	3
71	1	1	3.5	2
71	2	1	3.5	3.5
71	3	1	4	4
71	4	1	3	2
71	5	1	4	2.5
71	6	1	3.5	2.5
71	7	1	3	3.5
71	8	1	3	3
71	9	1	4	2.5
71	10	1	2.5	2.5
72	1	1	4	3.5
72	2	2	3.5	2.5
72	3	1	3.5	2
72	4	1	3	2.5
72	5	2	2.5	3
72	6	1	3	4
72	7	1	3	2.5
72	8	2	2.5	2.5
72	9	2	2	3.5
72	10	1	2.5	2.5
73	1	1	2	4
73	2	1	2.5	3
73	3	2	3.5	3
73	4	1	2	3
73	5	2	3.5	3.5
73	6	1	2.5	3.5
73	7	1	2.5	4
73	8	2	2.5	2.5
73	9	1	4	4
73	10	1	2	3.5
74	1	1	2.5	3.5
74	2	2	4	2
74	3	2	3.5	2.5
74	4	2	4	3
74	5	2	4	3
74	6	2	2.5	2
74	7	1	4	3.5
74	8	2	3	3.5
74	9	2	2.5	2
74	10	1	2	2
75	1	2	2.5	2
75	2	2	4	3
75	3	2	3	2
75	4	2	3.5	3.5
75	5	1	2.5	3.5
75	6	2	4	3.5
75	7	1	3	3.5
75	8	1	2	3
75	9	2	3.5	3
75	10	1	2	3
76	1	2	3.5	4
76	2	2	2	2.5
76	3	2	3.5	2
76	4	2	4	3.5
76	5	2	4	2.5
76	6	2	2.5	2.5
76	7	2	4	4
76	8	2	2	3.5
76	9	2	4	3
76	10	2	2.5	2.5
77	1	1	2.5	3.5
77	2	2	3.5	2
77	3	2	2	2
77	4	2	3.5	4
77	5	1	2.5	4
77	6	2	3.5	2.5
77	7	1	2	2
77	8	1	2	3.5
77	9	1	3	4
77	10	1	2	4
78	1	1	3.5	2
78	2	1	3.5	2
78	3	1	2.5	2.5
78	4	1	3	2
78	5	1	2	2.5
78	6	1	3.5	2
78	7	1	4	3
78	8	1	2	3.5
78	9	1	3.5	2.5
78	10	1	2	4
79	1	1	3.5	4
79	2	2	3	2
79	3	1	2.5	3
79	4	2	3	3.5
79	5	1	2	3
79	6	1	3	3.5
79	7	2	3.5	3.5
79	8	1	2.5	3.5
79	9	1	4	4
79	10	2	2	2.5
80	1	2	3.5	3
80	2	2	4	2
80	3	2	3.5	4
80	4	2	4	2.5
80	5	2	2	2.5
80	6	2	4	4
80	7	2	3.5	2.5
80	8	2	2.5	3.5
80	9	2	3	2
80	10	2	2.5	2.5
81	1	2	4	3.5
81	2	2	2	3.5
81	3	2	4	3
81	4	2	2	3.5
81	5	2	2.5	3.5
81	6	2	2	2
81	7	2	4	2
81	8	2	3	4
81	9	2	2.5	3.5
81	10	1	2.5	3
82	1	2	3	3
82	2	1	2.5	3
82	3	1	2	3.5
82	4	1	2.5	2.5
82	5	1	2.5	4
82	6	2	2.5	3.5
82	7	2	3	3.5
82	8	2	3.5	2.5
82	9	2	3.5	2.5
82	10	2	4	3
83	1	1	2.5	2.5
83	2	2	2	2.5
83	3	2	2.5	2.5
83	4	2	4	2
83	5	1	2	2.5
83	6	1	3	4
83	7	1	4	3.5
83	8	1	2	4
83	9	1	4	4
83	10	1	3	3.5
84	1	2	2.5	3.5
84	2	2	4	3.5
84	3	2	3.5	3
84	4	1	3.5	2
84	5	1	2.5	2
84	6	1	2.5	4
84	7	2	4	2
84	8	1	3.5	2.5
84	9	2	2.5	3
84	10	2	3	3.5
85	1	2	3	3
85	2	2	4	2.5
85	3	2	3.5	2
85	4	2	4	4
85	5	1	3	3.5
85	6	1	2	3
85	7	1	2	3.5
85	8	1	3	3
85	9	1	2	3.5
85	10	1	2.5	2
86	1	1	2	3
86	2	1	4	3
86	3	2	3.5	2.5
86	4	1	2.5	3.5
86	5	1	2	3
86	6	1	4	4
86	7	1	2.5	3.5
86	8	1	4	3.5
86	9	1	3	3.5
86	10	1	3	3
87	1	2	3.5	4
87	2	1	4	2.5
87	3	2	3.5	3
87	4	2	4	2.5
87	5	2	3	2
87	6	1	4	2
87	7	1	2	2
87	8	2	2	2.5
87	9	2	2.5	2
87	10	1	3.5	4
88	1	1	3.5	2
88	2	2	3.5	2.5
88	3	1	3.5	4
88	4	1	2	4
88	5	2	4	2.5
88	6	1	2.5	2.5
88	7	1	2	3
88	8	1	2.5	4
88	9	1	2.5	3.5
88	10	2	2.5	2.5
89	1	2	3.5	2
89	2	2	3	3.5
89	3	2	3	3
89	4	2	2	2.5
89	5	1	2	4
89	6	2	2	4
89	7	1	2.5	2
89	8	2	3	2.5
89	9	2	2.5	4
89	10	1	2.5	3
90	1	1	3.5	3.5
90	2	1	2	2
90	3	2	4	3
90	4	1	3.5	3
90	5	2	3.5	3
90	6	2	3	2
90	7	1	2	2.5
90	8	2	3.5	4
90	9	1	2	3.5
90	10	1	2	3
91	1	1	3	2.5
91	2	2	4	4
91	3	2	3.5	3.5
91	4	1	2.5	2.5
91	5	2	3	2
91	6	2	3	2
91	7	2	3	2
91	8	1	2	4
91	9	2	3	3.5
91	10	2	2.5	3.5
92	1	1	2.5	4
92	2	1	3	4
92	3	1	2	2.5
92	4	1	3	4
92	5	1	4	4
92	6	1	4	2.5
92	7	2	4	4
92	8	1	3	3
92	9	2	3	3
92	10	1	3	4
93	1	2	4	2
93	2	1	2.5	4
93	3	2	2.5	3.5
93	4	2	3.5	3
93	5	2	3.5	2.5
93	6	2	2.5	2
93	7	1	2	4
93	8	2	3	4
93	9	2	3.5	4
93	10	1	2	3.5
94	1	1	4	2
94	2	1	2	2
94	3	1	3	4
94	4	1	4	2.5
94	5	1	3	3
94	6	1	3.5	3.5
94	7	1	4	3
94	8	1	3	2.5
94	9	2	4	3.5
94	10	1	3	2
95	1	1	2	4
95	2	1	2.5	2
95	3	1	2	2
95	4	1	3	3.5
95	5	1	2	2.5
95	6	1	3.5	3.5
95	7	1	3	2
95	8	2	3.5	3
95	9	1	3.5	3
95	10	1	2.5	2
96	1	2	2	3.5
96	2	2	2	2
96	3	2	2.5	4
96	4	2	3	2
96	5	1	2.5	2
96	6	2	4	4
96	7	2	3.5	4
96	8	1	2.5	3
96	9	2	3	3.5
96	10	2	3	4
97	1	1	2	3
97	2	2	4	2.5
97	3	1	2	3.5
97	4	1	2.5	2
97	5	2	2	3.5
97	6	1	3	3
97	7	1	3.5	3.5
97	8	2	4	4
97	9	1	2	3
97	10	1	3	2.5
98	1	2	4	3
98	2	2	3	3
98	3	2	3.5	3
98	4	1	2	3
98	5	1	3	2.5
98	6	2	3	4
98	7	2	3.5	2.5
98	8	2	2.5	2.5
98	9	1	2	2.5
98	10	2	2	4
99	1	2	4	3.5
99	2	1	2	3.5
99	3	1	4	2.5
99	4	1	3.5	3.5
99	5	1	3.5	4
99	6	1	3.5	3.5
99	7	1	2.5	4
99	8	2	2	3
99	9	1	2.5	3
99	10	1	2	2.5
100	1	1	4	2
100	2	1	3.5	3
100	3	1	3.5	2.5
100	4	1	2.5	3.5
100	5	1	3.5	4
100	6	1	3	2
100	7	1	3	2.5
100	8	2	3	2.5
100	9	1	3	2.5
100	10	1	3	3
101	1	2	3.5	3
101	2	2	4	3
101	3	2	3.5	4
101	4	2	3.5	2
101	5	2	2	2
101	6	2	3.5	2.5
101	7	2	2	2.5
101	8	1	3.5	3
101	9	2	3.5	3.5
101	10	1	2	4
102	1	1	4	3.5
102	2	2	4	2.5
102	3	2	4	3.5
102	4	2	3	3
102	5	2	2	2.5
102	6	2	2	2.5
102	7	2	2	4
102	8	2	3.5	3.5
102	9	2	4	3.5
102	10	1	3	4
103	1	2	2	2.5
103	2	1	2.5	4
103	3	1	3.5	4
103	4	2	2	2
103	5	1	3	3
103	6	2	4	3.5
103	7	1	2	4
103	8	2	2	3
103	9	2	2.5	2
103	10	1	2.5	3.5
104	1	1	2.5	4
104	2	2	3	3
104	3	1	3.5	4
104	4	2	4	3.5
104	5	1	3	4
104	6	2	2.5	4
104	7	1	3.5	3.5
104	8	1	2	3
104	9	2	4	2
104	10	2	3.5	3
105	1	2	3.5	3
105	2	1	2	2.5
105	3	2	3.5	2.5
105	4	1	2	2
105	5	1	4	3.5
105	6	1	3	3.5
105	7	2	2.5	3.5
105	8	2	3	2
105	9	2	3	3.5
105	10	1	3	3
106	1	1	2	3.5
106	2	1	3	4
106	3	2	3.5	2
106	4	2	2	4
106	5	2	2.5	4
106	6	2	3	2
106	7	2	2	3
106	8	1	2.5	3.5
106	9	2	3	4
106	10	2	2	3.5
107	1	2	3.5	2.5
107	2	1	2	3.5
107	3	1	3	3
107	4	2	2.5	2
107	5	1	3.5	3
107	6	2	3	2.5
107	7	1	2.5	3.5
107	8	1	2	4
107	9	1	3	2
107	10	2	3	2
108	1	2	3.5	2
108	2	2	2	2.5
108	3	2	4	4
108	4	2	3	3
108	5	1	3	4
108	6	1	2	2
108	7	2	4	2.5
108	8	2	2.5	2
108	9	2	2	2
108	10	1	2	3.5
109	1	2	3	2
109	2	2	2	3.5
109	3	2	4	4
109	4	2	3.5	2.5
109	5	2	4	2.5
109	6	2	4	3
109	7	2	4	2
109	8	2	3	3.5
109	9	2	2.5	3
109	10	2	4	3
110	1	1	3	3
110	2	1	2.5	3
110	3	1	3.5	2
110	4	1	2.5	3
110	5	1	3	2.5
110	6	1	4	4
110	7	1	2.5	2
110	8	1	3.5	2.5
110	9	1	2	3.5
110	10	1	4	3.5
111	1	2	2.5	2
111	2	1	2.5	3
111	3	2	2	2
111	4	1	2	4
111	5	1	4	4
111	6	2	2	3
111	7	1	3	3.5
111	8	2	4	3.5
111	9	1	3.5	4
111	10	1	2	3.5
112	1	2	4	3
112	2	2	4	2
112	3	1	2.5	3.5
112	4	1	3.5	3
112	5	2	3	2
112	6	1	3.5	3.5
112	7	2	3	2
112	8	1	3	2
112	9	2	4	2
112	10	2	2	2
113	1	1	3	3
113	2	1	3	3
113	3	2	3.5	3.5
113	4	1	3.5	2.5
113	5	1	3.5	2.5
113	6	1	2.5	3
113	7	1	3.5	2
113	8	1	3	3
113	9	1	4	3
113	10	1	2	4
114	1	1	3	4
114	2	2	3	2
114	3	2	3.5	2.5
114	4	1	3	3
114	5	1	3	4
114	6	1	4	4
114	7	2	3.5	2.5
114	8	2	3.5	2.5
114	9	1	3	2.5
114	10	2	3	3.5
115	1	2	3	3.5
115	2	1	3.5	3
115	3	1	3	3
115	4	2	4	2.5
115	5	1	3	3.5
115	6	1	3	4
115	7	1	2.5	4
115	8	1	3.5	3.5
115	9	1	2.5	3
115	10	1	3	3.5
116	1	2	4	3.5
116	2	2	2	2.5
116	3	1	2	3.5
116	4	2	3.5	2
116	5	1	3	3
116	6	2	2.5	2.5
116	7	1	4	3.5
116	8	1	2.5	4
116	9	2	3	3.5
116	10	1	2	3.5
117	1	2	4	2.5
117	2	1	3.5	2
117	3	1	3.5	3
117	4	1	3	4
117	5	1	2.5	2
117	6	1	2	4
117	7	1	3.5	4
117	8	1	2.5	2
117	9	2	4	2
117	10	1	2	2
118	1	1	2	4
118	2	1	3.5	4
118	3	1	3.5	4
118	4	1	3	4
118	5	1	4	3.5
118	6	1	2	2
118	7	1	2	3
118	8	1	2	2.5
118	9	2	3.5	2
118	10	1	2.5	2.5
119	1	2	2	2.5
119	2	1	2.5	2.5
119	3	2	4	2.5
119	4	2	3.5	2.5
119	5	1	2	4
119	6	1	2	4
119	7	1	2.5	3
119	8	2	2.5	2
119	9	1	2	3
119	10	1	2	2.5
120	1	2	2.5	2
120	2	1	3	2
120	3	1	2	3.5
120	4	1	2	4
120	5	1	2	3.5
120	6	1	3	2.5
120	7	1	3	3.5
120	8	1	2.5	3.5
120	9	1	2	3.5
120	10	1	2.5	2.5
121	1	1	3	4
121	2	1	3	3
121	3	1	3.5	3.5
121	4	1	3.5	4
121	5	1	4	2
121	6	1	2	2
121	7	1	2	2.5
121	8	1	2.5	2.5
121	9	2	2.5	4
121	10	1	2	3
122	1	1	3	3.5
122	2	2	2	3
122	3	1	2	3.5
122	4	1	4	2
122	5	1	2.5	4
122	6	1	2	3.5
122	7	1	3	4
122	8	1	3.5	2.5
122	9	1	3.5	3.5
122	10	1	2.5	2.5
123	1	2	3	3.5
123	2	2	2	3
123	3	1	3.5	3.5
123	4	1	3.5	3.5
123	5	1	2.5	3.5
123	6	1	4	4
123	7	1	3	3
123	8	1	4	4
123	9	2	3	3
123	10	2	4	2
124	1	2	3.5	2.5
124	2	2	3	3
124	3	2	3.5	3
124	4	2	2.5	4
124	5	2	4	4
124	6	2	3.5	2.5
124	7	2	4	3.5
124	8	2	3.5	3
124	9	2	2	4
124	10	1	2	2.5
125	1	1	2.5	4
125	2	1	2	2.5
125	3	2	3.5	4
125	4	1	2	2.5
125	5	2	3.5	3.5
125	6	2	4	4
125	7	2	2	2.5
125	8	2	2.5	4
125	9	2	3.5	2
125	10	1	2	2.5
126	1	2	4	3
126	2	2	4	3.5
126	3	2	3	4
126	4	2	4	3
126	5	1	2	4
126	6	1	2	4
126	7	2	4	2
126	8	2	2.5	4
126	9	2	3.5	2
126	10	2	3.5	3.5
127	1	1	2	4
127	2	2	3.5	2
127	3	1	2	2
127	4	2	3.5	3
127	5	2	2	2
127	6	1	3	3.5
127	7	2	3.5	2.5
127	8	2	2.5	2.5
127	9	1	4	3.5
127	10	1	3	4
128	1	1	2	3.5
128	2	1	2.5	3.5
128	3	1	2.5	4
128	4	1	2.5	3.5
128	5	2	3	2
128	6	2	2.5	2
128	7	2	2.5	4
128	8	2	3	3
128	9	1	4	4
128	10	2	4	2
129	1	2	4	3.5
129	2	2	2	3
129	3	1	3	2.5
129	4	2	3.5	2
129	5	1	2.5	3.5
129	6	2	3	2.5
129	7	1	3	2
129	8	1	4	2.5
129	9	1	2.5	2.5
129	10	2	3	2.5
130	1	1	3	3.5
130	2	1	3.5	2.5
130	3	1	4	2.5
130	4	1	2	4
130	5	1	3	2.5
130	6	1	2	3
130	7	1	2	4
130	8	1	3.5	2
130	9	1	4	2
130	10	1	3.5	2.5
131	1	2	2.5	2
131	2	1	3.5	2.5
131	3	1	3	2.5
131	4	2	2.5	4
131	5	1	4	3
131	6	1	3	2.5
131	7	1	4	3.5
131	8	2	4	2
131	9	1	3	3
131	10	2	3	3
132	1	1	2	2.5
132	2	2	3	3
132	3	1	3.5	4
132	4	1	3.5	4
132	5	1	4	4
132	6	2	4	3
132	7	2	3	4
132	8	2	3	2.5
132	9	1	2	3.5
132	10	2	2.5	3
133	1	1	2	4
133	2	1	2.5	3.5
133	3	2	3	3.5
133	4	2	3	2
133	5	1	2	3
133	6	1	2	3
133	7	2	4	3
133	8	2	4	2.5
133	9	1	3.5	3
133	10	2	4	3.5
134	1	1	2	4
134	2	1	2.5	3.5
134	3	1	3	4
134	4	1	2	4
134	5	1	3	3.5
134	6	1	2.5	2.5
134	7	1	2	3.5
134	8	1	2	3
134	9	1	3	3.5
134	10	1	2.5	2.5
135	1	2	3.5	4
135	2	2	2	3.5
135	3	2	2.5	4
135	4	2	3.5	3
135	5	2	2	3.5
135	6	1	2.5	4
135	7	2	2.5	4
135	8	1	3	2.5
135	9	2	3.5	2
135	10	2	2	4
136	1	1	4	3.5
136	2	2	4	3.5
136	3	2	2.5	2
136	4	1	2	3
136	5	1	2.5	2.5
136	6	2	4	2.5
136	7	1	2	2
136	8	1	3.5	3.5
136	9	1	2.5	4
136	10	2	2.5	2.5
137	1	1	2.5	3
137	2	1	2	3
137	3	1	3.5	4
137	4	2	4	2
137	5	2	2	2.5
137	6	1	2	4
137	7	1	2.5	4
137	8	2	3	2
137	9	2	4	2
137	10	1	2.5	2.5
138	1	1	3.5	4
138	2	1	4	3.5
138	3	2	3.5	2.5
138	4	2	3.5	3.5
138	5	1	2.5	3
138	6	2	4	3
138	7	1	2	4
138	8	1	2.5	3.5
138	9	1	3	4
138	10	1	2	2.5
139	1	1	3.5	4
139	2	1	2	3.5
139	3	1	3	4
139	4	2	4	3.5
139	5	2	2.5	2
139	6	2	3.5	2
139	7	1	3.5	3
139	8	2	3.5	3
139	9	1	2	3
139	10	1	3.5	4
140	1	1	3	4
140	2	1	3.5	3
140	3	1	3	4
140	4	1	2	4
140	5	1	2.5	2.5
140	6	1	3	2
140	7	1	3	3.5
140	8	1	3.5	4
140	9	1	4	2.5
140	10	1	2	3.5
141	1	2	3.5	2.5
141	2	1	2.5	3.5
141	3	2	2	2
141	4	1	4	3.5
141	5	2	2.5	2.5
141	6	2	3	2
141	7	1	2	2
141	8	1	4	3.5
141	9	1	2	3.5
141	10	2	3.5	2.5
142	1	2	4	4
142	2	2	2.5	3.5
142	3	2	4	4
142	4	2	2.5	2
142	5	1	3.5	3.5
142	6	2	3.5	3
142	7	2	2.5	3
142	8	2	2	3
142	9	1	2.5	3
142	10	2	4	3.5
143	1	2	2.5	2
143	2	2	4	2.5
143	3	1	4	3
143	4	1	3	4
143	5	2	3.5	3
143	6	2	3.5	2
143	7	2	4	3
143	8	2	3.5	2.5
143	9	1	3	2.5
143	10	2	2.5	2
144	1	2	3	2
144	2	2	3	3
144	3	2	3	3.5
144	4	2	2.5	4
144	5	2	3.5	2.5
144	6	2	3.5	4
144	7	2	4	3
144	8	2	2	3
144	9	2	4	3.5
144	10	1	3.5	4
145	1	1	3.5	4
145	2	2	3.5	3.5
145	3	1	3	4
145	4	2	4	3.5
145	5	2	3.5	2
145	6	2	4	3.5
145	7	2	3.5	2.5
145	8	2	3.5	3.5
145	9	1	2	3.5
145	10	1	4	3.5
146	1	2	4	2
146	2	1	3	4
146	3	1	3	4
146	4	2	3.5	2
146	5	1	2	3.5
146	6	2	3.5	3
146	7	2	3.5	2
146	8	1	4	4
146	9	1	2	2.5
146	10	2	3.5	2
147	1	2	2.5	2
147	2	2	2.5	2
147	3	2	2.5	2.5
147	4	2	2.5	2
147	5	2	3	2.5
147	6	1	2	3.5
147	7	2	4	3
147	8	1	4	3
147	9	2	3.5	2
147	10	1	2.5	3
148	1	1	3	4
148	2	2	2.5	3.5
148	3	2	4	2.5
148	4	1	4	3
148	5	2	4	3
148	6	2	4	3
148	7	1	2	2.5
148	8	1	3.5	2.5
148	9	2	2	2.5
148	10	2	4	2.5
149	1	1	2	2.5
149	2	1	4	4
149	3	1	3	2.5
149	4	1	3	2
149	5	1	4	4
149	6	1	3.5	4
149	7	1	4	4
149	8	1	3.5	4
149	9	2	2	3.5
149	10	1	3	2.5
150	1	1	3	3
150	2	2	3.5	2.5
150	3	1	2.5	2.5
150	4	1	2	3
150	5	2	3.5	4
150	6	1	2.5	4
150	7	1	2.5	4
150	8	2	4	3.5
150	9	1	2	2.5
150	10	2	3.5	2.5
151	1	2	4	4
151	2	2	2	4
151	3	2	4	2
151	4	2	4	3
151	5	2	4	3
151	6	2	2.5	3
151	7	2	2	2.5
151	8	2	3.5	3
151	9	2	2.5	4
151	10	2	2.5	2.5
152	1	1	3	4
152	2	1	2.5	2.5
152	3	1	3	3
152	4	1	4	2.5
152	5	1	3	2
152	6	1	2	4
152	7	1	3.5	3
152	8	1	2	3
152	9	1	3.5	2
152	10	1	2.5	3.5
153	1	1	3	4
153	2	2	4	3
153	3	1	3	4
153	4	2	3.5	3.5
153	5	2	3	3
153	6	2	3	2.5
153	7	2	3	2
153	8	2	3	3
153	9	2	2.5	2
153	10	2	3.5	2.5
154	1	1	3.5	3.5
154	2	1	2.5	4
154	3	2	3	3
154	4	2	2	2
154	5	1	2.5	2
154	6	1	2.5	2
154	7	2	3	2
154	8	1	3	3
154	9	1	2.5	4
154	10	1	2	3.5
155	1	2	4	2.5
155	2	1	2.5	3
155	3	2	2.5	2
155	4	2	3.5	3
155	5	2	4	2.5
155	6	2	3.5	3
155	7	1	2	3
155	8	2	3	2
155	9	2	4	2.5
155	10	2	3.5	4
156	1	2	3.5	3.5
156	2	2	3	4
156	3	2	2.5	3.5
156	4	2	4	4
156	5	2	3.5	3.5
156	6	2	4	3.5
156	7	2	2.5	3
156	8	2	3	4
156	9	2	3.5	3.5
156	10	2	3	4
157	1	2	3.5	2
157	2	2	4	3
157	3	2	3	2.5
157	4	2	3.5	2
157	5	2	3.5	3
157	6	1	2	3.5
157	7	1	2	3
157	8	1	3	2.5
157	9	2	3	3
157	10	2	3.5	3
158	1	1	2	3.5
158	2	2	3	3
158	3	1	2.5	3.5
158	4	1	2	4
158	5	2	2	2.5
158	6	2	2.5	2.5
158	7	2	4	2
158	8	1	2	3.5
158	9	2	3.5	3
158	10	1	3	3.5
159	1	1	2	4
159	2	1	4	3.5
159	3	2	3	2
159	4	2	2.5	2
159	5	1	2	2.5
159	6	1	2.5	3.5
159	7	1	4	2.5
159	8	1	3.5	2.5
159	9	2	4	3
159	10	2	2	3
160	1	2	2.5	4
160	2	2	3.5	4
160	3	2	3.5	4
160	4	2	3	3
160	5	2	4	2.5
160	6	2	2.5	2.5
160	7	1	3	3
160	8	1	2.5	3.5
160	9	1	3	3.5
160	10	2	3.5	2.5
161	1	2	3.5	3.5
161	2	2	2	2
161	3	2	4	2.5
161	4	2	3	2
161	5	2	2	2
161	6	2	3	3.5
161	7	2	3.5	3.5
161	8	2	4	3.5
161	9	2	3	2.5
161	10	2	3	3
162	1	1	2.5	2.5
162	2	1	2	2
162	3	1	4	4
162	4	1	3	4
162	5	1	4	3
162	6	1	2	2.5
162	7	1	4	2.5
162	8	1	2	2
162	9	1	3	4
162	10	1	2.5	2.5
163	1	1	3.5	4
163	2	2	2	2.5
163	3	2	4	4
163	4	1	2	2.5
163	5	1	3.5	3
163	6	2	3.5	3
163	7	1	3	4
163	8	2	3	4
163	9	1	3.5	3
163	10	1	2	2.5
164	1	1	4	3.5
164	2	2	4	2.5
164	3	2	2	4
164	4	2	2	2
164	5	2	4	2.5
164	6	2	2.5	2
164	7	2	3	2.5
164	8	2	3.5	2
164	9	1	3	3
164	10	2	3.5	2.5
165	1	1	2	4
165	2	1	3.5	3
165	3	1	3.5	3
165	4	1	2	2.5
165	5	1	4	2
165	6	2	3	3
165	7	2	2	2.5
165	8	1	2	3
165	9	2	3.5	3.5
165	10	2	4	3.5
166	1	1	4	2.5
166	2	1	3.5	2
166	3	1	3.5	3
166	4	1	2.5	2
166	5	1	2	4
166	6	1	3	4
166	7	2	3.5	2.5
166	8	1	2.5	2.5
166	9	1	3	4
166	10	1	2.5	4
167	1	1	2	2.5
167	2	1	2.5	3.5
167	3	1	2	2
167	4	1	2	2.5
167	5	1	3.5	3.5
167	6	1	4	4
167	7	1	3	3.5
167	8	1	3	3.5
167	9	2	3	2
167	10	2	3.5	2.5
168	1	2	3.5	3
168	2	2	4	2
168	3	1	3	2.5
168	4	2	3	2.5
168	5	2	3.5	3
168	6	2	3	2
168	7	1	2.5	3
168	8	2	3.5	2
168	9	2	3.5	3.5
168	10	2	2.5	2
169	1	2	3.5	3
169	2	2	3.5	2
169	3	2	3	3
169	4	2	3.5	2.5
169	5	1	3	2
169	6	1	2.5	3.5
169	7	2	4	3.5
169	8	2	3.5	2
169	9	2	2	2.5
169	10	2	3.5	4
170	1	2	2	2.5
170	2	2	3.5	3
170	3	1	2.5	3
170	4	2	3.5	2
170	5	2	3.5	2.5
170	6	2	4	3.5
170	7	2	2.5	2
170	8	2	3.5	4
170	9	2	4	2.5
170	10	2	3	2.5
171	1	2	3.5	3
171	2	1	4	3.5
171	3	2	4	4
171	4	1	4	3
171	5	2	3	2
171	6	1	3	4
171	7	2	2	2.5
171	8	2	4	2
171	9	1	3.5	4
171	10	1	2.5	3
172	1	2	2	2.5
172	2	2	3.5	2
172	3	1	4	4
172	4	2	3.5	2
172	5	1	4	4
172	6	1	2.5	4
172	7	1	3	4
172	8	2	4	4
172	9	1	3	2.5
172	10	2	4	2
173	1	1	3.5	4
173	2	2	2.5	2.5
173	3	2	4	4
173	4	2	2	3
173	5	2	4	3
173	6	1	3	3
173	7	1	4	3.5
173	8	1	2	4
173	9	1	3.5	4
173	10	2	3	3
174	1	2	3	3.5
174	2	2	2.5	2
174	3	2	4	3
174	4	2	4	3
174	5	2	4	2
174	6	1	4	3.5
174	7	2	2	3
174	8	2	3	3.5
174	9	2	4	2
174	10	2	3.5	3.5
175	1	1	2	3
175	2	2	3	2.5
175	3	2	4	3.5
175	4	1	3	3
175	5	2	3.5	3
175	6	1	2	4
175	7	1	3	3
175	8	2	3	3.5
175	9	2	3.5	2
175	10	2	3	4
176	1	2	2.5	2.5
176	2	2	3.5	2.5
176	3	2	2.5	4
176	4	2	4	2.5
176	5	2	2	2.5
176	6	2	3.5	2.5
176	7	2	2.5	3.5
176	8	2	3	3
176	9	2	2	4
176	10	1	2.5	3
177	1	2	2.5	2.5
177	2	1	3.5	2.5
177	3	2	4	2
177	4	1	3.5	4
177	5	2	3.5	2.5
177	6	2	4	2.5
177	7	2	4	2.5
177	8	2	4	2.5
177	9	1	3	4
177	10	1	4	2.5
178	1	1	3.5	2
178	2	1	3	2
178	3	1	2	3
178	4	1	2.5	2
178	5	1	3	3
178	6	1	2.5	3.5
178	7	1	2	3.5
178	8	1	4	3.5
178	9	1	2	2
178	10	1	3	2
179	1	1	3	2.5
179	2	1	2	2
179	3	1	2	3.5
179	4	1	3.5	3
179	5	1	2	4
179	6	1	3	3
179	7	1	3	3
179	8	2	4	2
179	9	1	3.5	4
179	10	2	3.5	3
180	1	2	3	3.5
180	2	1	2	3
180	3	2	3	3.5
180	4	1	4	4
180	5	2	3.5	3
180	6	1	3	3
180	7	1	2	4
180	8	2	2	2
180	9	2	3.5	4
180	10	2	2	4
181	1	1	2	2.5
181	2	1	2.5	2.5
181	3	2	4	4
181	4	1	3	4
181	5	1	3	2
181	6	2	2.5	3
181	7	1	3.5	4
181	8	2	4	2
181	9	1	2.5	3.5
181	10	2	3.5	2
182	1	1	2.5	4
182	2	2	3	2.5
182	3	2	3	2.5
182	4	1	3.5	4
182	5	2	3.5	2.5
182	6	2	4	3
182	7	1	2.5	4
182	8	2	2	3.5
182	9	1	2	3.5
182	10	2	2	2
183	1	2	2.5	2.5
183	2	1	3	3.5
183	3	2	3.5	2.5
183	4	2	2.5	3
183	5	2	3.5	2
183	6	2	2	2
183	7	1	2	3.5
183	8	2	3.5	2
183	9	1	2.5	3
183	10	2	3.5	2
184	1	2	3	3.5
184	2	2	3	4
184	3	2	2.5	3
184	4	2	2.5	4
184	5	2	3	4
184	6	2	4	4
184	7	2	3.5	2.5
184	8	2	2.5	3.5
184	9	2	2.5	2
184	10	2	2.5	2.5
185	1	2	3.5	2
185	2	2	3	3.5
185	3	2	3.5	2
185	4	2	3.5	2
185	5	1	2.5	2.5
185	6	2	4	2
185	7	2	3	2
185	8	2	3.5	4
185	9	1	3	3.5
185	10	2	4	2
186	1	1	3.5	3.5
186	2	2	3	2
186	3	2	4	2.5
186	4	2	4	4
186	5	1	2.5	4
186	6	2	3	3
186	7	1	3.5	3.5
186	8	1	3	3
186	9	1	2	3.5
186	10	2	3	2.5
187	1	2	2.5	2
187	2	2	2	2
187	3	2	3.5	2
187	4	1	3	2.5
187	5	2	2.5	2.5
187	6	2	3	3.5
187	7	2	4	2.5
187	8	1	2	3.5
187	9	1	2	3.5
187	10	2	3.5	3
188	1	2	4	2
188	2	1	2	2.5
188	3	2	2.5	3
188	4	2	2.5	2.5
188	5	1	3	2.5
188	6	1	3.5	4
188	7	2	4	2.5
188	8	2	3	3.5
188	9	1	2.5	4
188	10	1	4	4
189	1	2	3.5	2
189	2	1	2	2
189	3	2	4	2
189	4	1	2.5	3.5
189	5	1	3.5	3
189	6	1	4	3
189	7	2	4	2.5
189	8	1	3	4
189	9	1	3.5	3.5
189	10	2	3.5	3
190	1	1	3	2.5
190	2	2	2.5	2.5
190	3	1	2	2
190	4	2	2.5	2.5
190	5	2	2.5	4
190	6	1	4	3.5
190	7	1	3.5	3.5
190	8	1	2.5	2.5
190	9	1	2	4
190	10	1	3	4
191	1	1	3	3
191	2	1	2	2.5
191	3	1	4	4
191	4	1	2	4
191	5	1	3.5	3
191	6	2	4	2
191	7	1	3	2.5
191	8	1	3	2.5
191	9	1	2	4
191	10	1	4	2.5
192	1	2	2.5	2
192	2	2	2.5	3.5
192	3	2	2	2.5
192	4	2	3.5	2.5
192	5	1	2	4
192	6	2	2	2.5
192	7	2	3.5	4
192	8	2	3	3
192	9	2	4	2.5
192	10	2	4	3.5
193	1	1	3.5	2
193	2	1	2.5	3.5
193	3	1	4	4
193	4	1	4	3
193	5	1	3	3
193	6	1	2.5	4
193	7	2	4	3.5
193	8	1	2	3.5
193	9	1	2	2
193	10	2	2.5	2.5
194	1	1	2.5	3.5
194	2	1	3	2
194	3	2	2.5	2.5
194	4	2	4	2.5
194	5	1	2	3.5
194	6	1	2.5	4
194	7	2	2.5	2.5
194	8	2	3	2
194	9	2	3.5	2
194	10	2	3.5	4
195	1	1	4	3.5
195	2	1	3.5	4
195	3	1	2	3.5
195	4	1	2	4
195	5	1	2	2
195	6	1	4	2
195	7	1	3	3.5
195	8	1	2.5	3
195	9	1	3.5	2
195	10	1	3.5	4
196	1	1	2	4
196	2	2	4	3.5
196	3	1	3	3
196	4	2	3	3.5
196	5	1	4	2.5
196	6	2	2.5	3
196	7	1	3	3.5
196	8	1	2	2.5
196	9	2	2.5	2
196	10	2	2.5	2
197	1	2	3	3.5
197	2	1	2	3.5
197	3	1	3	2.5
197	4	2	4	3.5
197	5	2	4	3.5
197	6	1	3	3
197	7	2	4	2
197	8	2	3	3.5
197	9	1	2	3
197	10	1	3	4
198	1	2	3	3.5
198	2	2	4	4
198	3	2	2	3
198	4	2	4	3.5
198	5	2	2.5	3
198	6	2	3	3.5
198	7	2	2	4
198	8	1	3	4
198	9	2	3	2
198	10	2	2	3.5
199	1	2	4	4
199	2	2	4	2.5
199	3	2	3.5	2
199	4	2	2.5	4
199	5	2	3	3
199	6	2	4	3.5
199	7	2	3	3
199	8	1	3.5	4
199	9	2	4	3
199	10	1	4	3.5
200	1	1	3.5	2
200	2	2	4	3.5
200	3	2	2	2.5
200	4	2	3.5	2.5
200	5	1	4	4
200	6	2	4	3
200	7	1	3	3
200	8	2	3.5	3
200	9	2	3.5	2
200	10	1	2	3
201	1	2	3.5	2.5
201	2	2	2	4
201	3	2	2	3
201	4	1	4	2.5
201	5	2	3	2.5
201	6	2	4	3
201	7	2	2.5	2
201	8	1	3.5	2.5
201	9	2	4	3
201	10	2	3	3.5
202	1	1	2.5	3.5
202	2	2	4	4
202	3	1	2	2
202	4	2	2.5	2
202	5	1	3.5	3.5
202	6	2	4	4
202	7	1	3	2.5
202	8	2	3	2.5
202	9	1	2	2
202	10	1	2.5	4
203	1	2	4	3.5
203	2	1	3	4
203	3	1	2	3.5
203	4	1	3.5	4
203	5	1	3.5	3
203	6	1	3	3.5
203	7	1	3.5	3
203	8	1	3	3.5
203	9	1	2.5	2.5
203	10	1	2.5	3
204	1	2	3	2.5
204	2	1	2	4
204	3	2	3.5	4
204	4	2	3.5	2
204	5	2	3	2
204	6	1	2.5	4
204	7	1	3	3.5
204	8	1	2.5	4
204	9	1	2.5	4
204	10	2	4	3
205	1	2	2.5	4
205	2	2	2.5	3.5
205	3	2	2	2
205	4	2	3	4
205	5	2	2	2.5
205	6	2	3	3
205	7	2	3.5	2
205	8	2	2	2
205	9	2	2.5	3.5
205	10	2	4	2
206	1	1	2.5	3
206	2	2	4	2
206	3	2	2	2.5
206	4	1	2	2
206	5	2	4	4
206	6	1	2	3
206	7	1	3.5	3
206	8	2	4	3
206	9	1	3.5	4
206	10	2	3.5	3
207	1	1	4	2
207	2	1	3	4
207	3	1	3.5	3
207	4	1	3.5	2
207	5	2	3.5	3.5
207	6	1	2	2.5
207	7	1	3	2
207	8	1	2.5	2
207	9	1	2	2.5
207	10	1	2.5	2
208	1	1	3	4
208	2	2	2.5	2
208	3	2	4	2.5
208	4	2	4	2
208	5	2	3	3.5
208	6	2	2.5	3
208	7	1	3	2.5
208	8	2	4	3.5
208	9	2	4	2
208	10	2	4	2
209	1	2	2	2
209	2	2	3.5	3.5
209	3	1	2	3.5
209	4	1	3	4
209	5	1	3	3
209	6	1	3	3
209	7	1	2	2.5
209	8	1	4	3
209	9	1	4	4
209	10	1	2	2
210	1	2	3	2
210	2	2	3	2.5
210	3	2	3.5	3
210	4	1	3.5	4
210	5	2	2	2.5
210	6	2	2	3
210	7	2	3.5	3.5
210	8	2	3.5	3.5
210	9	2	3	3.5
210	10	1	2	4
211	1	2	3.5	3
211	2	1	4	4
211	3	1	4	3.5
211	4	2	3.5	2
211	5	1	2	3
211	6	2	3.5	3
211	7	1	2	3.5
211	8	1	3	3.5
211	9	1	2.5	3.5
211	10	2	4	4
212	1	2	3.5	4
212	2	1	4	3
212	3	1	4	3.5
212	4	2	3.5	2.5
212	5	2	3.5	4
212	6	2	2.5	2
212	7	2	3	4
212	8	2	3	2.5
212	9	2	4	3.5
212	10	2	3.5	2
213	1	1	4	4
213	2	1	3.5	2.5
213	3	1	3	4
213	4	2	4	2.5
213	5	1	2.5	3
213	6	1	3	3
213	7	1	2.5	2.5
213	8	1	3.5	4
213	9	1	2.5	2.5
213	10	1	2.5	3.5
214	1	1	2.5	4
214	2	1	3	2
214	3	2	2.5	2
214	4	2	4	4
214	5	2	3.5	4
214	6	1	2	4
214	7	1	3	3
214	8	1	2	3.5
214	9	2	3.5	4
214	10	2	3.5	3
215	1	2	3	2.5
215	2	1	3	4
215	3	2	4	3
215	4	1	4	3
215	5	2	3	4
215	6	1	3	2.5
215	7	2	3	2
215	8	1	2.5	3.5
215	9	1	3.5	3
215	10	1	2.5	3
216	1	2	4	3.5
216	2	1	2	3
216	3	1	2.5	3
216	4	1	2	3.5
216	5	1	2	2.5
216	6	1	2	3.5
216	7	2	3	2
216	8	2	3.5	2.5
216	9	2	4	4
216	10	1	2.5	3.5
217	1	2	4	4
217	2	2	4	3
217	3	1	3	3.5
217	4	2	4	2.5
217	5	1	2	2.5
217	6	1	3.5	3
217	7	1	2.5	4
217	8	2	3.5	2
217	9	1	2	3.5
217	10	2	4	4
218	1	2	3.5	2.5
218	2	2	4	2
218	3	2	4	3.5
218	4	1	2.5	3
218	5	1	3.5	4
218	6	2	4	2.5
218	7	1	3.5	2.5
218	8	2	4	2
218	9	1	3	3.5
218	10	1	4	4
219	1	1	2.5	3
219	2	1	2.5	3.5
219	3	1	2.5	3.5
219	4	1	3	4
219	5	1	3.5	4
219	6	1	3.5	2
219	7	1	3	2
219	8	2	3	2
219	9	1	2	3.5
219	10	1	3.5	3
220	1	1	2.5	3
220	2	1	2	2.5
220	3	1	3	2.5
220	4	1	3.5	2
220	5	2	4	3.5
220	6	2	3	3
220	7	2	2.5	3
220	8	1	2	2
220	9	2	4	3.5
220	10	2	3	2
221	1	2	3.5	2
221	2	2	2	3.5
221	3	2	2	2.5
221	4	1	2	4
221	5	2	3.5	2.5
221	6	2	3	3
221	7	2	2	3.5
221	8	1	3.5	3.5
221	9	2	4	3.5
221	10	2	2.5	2
222	1	2	4	2
222	2	1	2	4
222	3	2	2.5	3.5
222	4	2	2	2
222	5	2	2	3.5
222	6	2	4	3.5
222	7	2	2	2.5
222	8	2	2	3.5
222	9	2	3.5	3.5
222	10	2	3	2.5
223	1	1	3.5	3
223	2	1	4	4
223	3	1	2	3
223	4	2	3.5	2.5
223	5	2	4	2
223	6	2	3.5	2
223	7	1	2.5	2.5
223	8	1	2	4
223	9	1	3.5	3.5
223	10	1	2	3.5
224	1	2	3.5	4
224	2	1	2.5	2
224	3	2	3.5	3.5
224	4	2	2.5	3
224	5	1	4	2.5
224	6	1	2.5	3.5
224	7	1	3	4
224	8	1	3.5	2.5
224	9	1	2	3.5
224	10	2	4	2.5
225	1	1	2.5	3
225	2	1	2.5	3.5
225	3	2	2	2.5
225	4	1	2	2.5
225	5	2	3	2.5
225	6	2	2.5	4
225	7	2	2.5	3.5
225	8	1	2.5	4
225	9	2	3	2
225	10	2	4	2
226	1	1	2.5	2.5
226	2	1	2	3
226	3	2	3	3.5
226	4	1	3	3
226	5	1	2	3.5
226	6	1	3.5	3.5
226	7	1	2	4
226	8	2	4	3
226	9	1	2.5	4
226	10	1	2	4
227	1	2	4	2.5
227	2	2	3	2.5
227	3	2	3.5	3.5
227	4	2	2.5	4
227	5	2	3.5	3.5
227	6	2	4	2
227	7	2	4	4
227	8	2	4	4
227	9	2	3.5	2
227	10	2	3	2
228	1	2	3	3.5
228	2	2	3.5	3.5
228	3	2	2.5	3
228	4	2	3.5	3.5
228	5	2	3	2
228	6	2	4	4
228	7	2	3.5	2.5
228	8	2	2	3
228	9	1	2	2.5
228	10	2	2.5	4
229	1	2	3.5	2
229	2	2	3	2.5
229	3	2	2.5	2
229	4	2	3	2.5
229	5	2	3.5	3
229	6	2	3.5	2
229	7	1	3	3
229	8	1	3.5	3
229	9	2	3.5	3.5
229	10	1	2.5	4
230	1	1	2	2.5
230	2	2	3	3.5
230	3	2	4	3.5
230	4	2	3	2.5
230	5	2	3.5	2.5
230	6	1	2	3
230	7	2	4	4
230	8	1	2	3.5
230	9	2	3.5	2.5
230	10	2	2.5	2
231	1	2	2.5	4
231	2	2	3.5	3
231	3	2	4	2.5
231	4	2	2	2
231	5	2	4	2.5
231	6	2	4	3.5
231	7	2	4	3
231	8	2	2.5	3
231	9	2	4	3
231	10	2	3.5	2.5
232	1	1	2.5	4
232	2	1	4	3
232	3	2	4	3
232	4	1	4	2.5
232	5	1	2.5	2
232	6	2	3	2
232	7	2	2.5	2
232	8	1	2.5	4
232	9	2	3.5	3
232	10	2	2	2.5
233	1	2	3.5	2
233	2	1	3.5	4
233	3	1	2.5	2.5
233	4	2	3.5	2.5
233	5	2	3.5	2
233	6	1	2.5	3.5
233	7	2	3	2
233	8	2	3	3
233	9	2	3.5	2
233	10	2	4	2.5
234	1	2	3	3
234	2	2	4	2
234	3	2	3.5	2
234	4	1	2	4
234	5	1	4	3.5
234	6	1	2	2
234	7	2	2.5	2.5
234	8	1	2	3
234	9	1	2	3
234	10	1	2.5	3
235	1	2	3.5	3
235	2	1	2.5	3
235	3	1	2	3.5
235	4	1	2	3
235	5	1	3.5	3.5
235	6	2	3	2
235	7	2	2.5	2
235	8	1	3	4
235	9	1	4	4
235	10	2	4	2.5
236	1	2	4	4
236	2	2	3	4
236	3	2	4	2.5
236	4	2	2	3.5
236	5	2	4	3
236	6	1	2	3
236	7	2	3	2.5
236	8	2	3.5	2
236	9	2	3.5	3
236	10	2	2.5	4
237	1	1	3	3
237	2	2	3	2.5
237	3	1	2.5	2.5
237	4	1	4	4
237	5	2	3	2
237	6	2	3.5	2
237	7	1	2	3.5
237	8	1	3	2
237	9	1	2.5	3
237	10	2	4	3
238	1	1	2.5	4
238	2	1	3	4
238	3	2	3	3
238	4	1	2	3.5
238	5	1	2.5	4
238	6	1	2.5	2
238	7	1	3.5	2
238	8	2	2	2
238	9	1	2.5	2.5
238	10	2	3	2.5
239	1	2	3.5	2.5
239	2	2	3.5	2
239	3	1	3.5	4
239	4	2	4	3
239	5	1	3	4
239	6	2	3.5	3
239	7	2	4	2
239	8	1	2.5	3.5
239	9	2	3	4
239	10	1	2	3
240	1	2	4	4
240	2	2	3	3
240	3	2	3.5	2
240	4	2	2	2
240	5	1	3	4
240	6	1	2.5	4
240	7	2	2.5	2
240	8	2	4	3
240	9	1	2.5	3
240	10	2	2	2
241	1	2	3.5	3
241	2	2	3.5	3
241	3	2	2	2.5
241	4	1	2.5	2.5
241	5	1	2	3.5
241	6	1	3	3.5
241	7	1	3.5	4
241	8	1	2.5	3.5
241	9	1	3	4
241	10	1	2	3
242	1	2	4	4
242	2	1	2.5	3.5
242	3	2	3.5	4
242	4	2	3	3.5
242	5	1	4	3
242	6	2	3	4
242	7	2	3.5	4
242	8	2	4	3.5
242	9	2	3	2.5
242	10	2	3	3
243	1	1	3	4
243	2	1	2	2.5
243	3	1	3	3.5
243	4	1	3.5	3
243	5	2	3	3
243	6	1	3	2
243	7	1	3.5	4
243	8	1	3.5	2
243	9	1	3	2
243	10	1	4	4
244	1	2	3.5	4
244	2	2	3.5	2.5
244	3	1	3	2.5
244	4	2	2.5	2
244	5	1	3.5	2.5
244	6	2	4	2.5
244	7	2	4	4
244	8	2	2	2
244	9	1	3.5	4
244	10	1	2.5	3
245	1	2	2.5	2
245	2	1	2	4
245	3	2	2.5	3.5
245	4	2	3	3
245	5	2	2.5	2.5
245	6	2	4	3
245	7	2	3	4
245	8	2	4	2.5
245	9	2	3	3.5
245	10	2	4	3.5
246	1	2	4	3
246	2	2	4	2.5
246	3	1	3.5	4
246	4	2	4	3
246	5	1	2.5	3
246	6	2	3	2
246	7	1	2	3.5
246	8	1	3.5	3.5
246	9	2	3.5	2.5
246	10	2	4	3.5
247	1	1	3	4
247	2	2	3.5	2
247	3	1	3	3
247	4	1	2.5	2.5
247	5	1	3	2
247	6	1	4	4
247	7	1	3.5	2
247	8	1	2.5	2.5
247	9	1	4	2
247	10	1	4	4
248	1	1	4	3.5
248	2	1	2.5	3
248	3	1	2	3.5
248	4	2	4	3.5
248	5	1	2	4
248	6	1	3	2
248	7	2	3	3.5
248	8	1	3	3
248	9	1	2.5	4
248	10	1	3	4
249	1	1	3.5	4
249	2	1	2.5	3.5
249	3	1	4	3
249	4	1	2	3
249	5	1	2	2
249	6	1	2	3
249	7	1	4	2.5
249	8	1	2.5	2.5
249	9	1	4	3
249	10	1	2	3
250	1	1	2.5	2
250	2	1	3	3.5
250	3	1	2	3
250	4	1	4	2.5
250	5	1	4	3
250	6	1	4	3.5
250	7	1	4	3.5
250	8	1	2.5	3.5
250	9	1	2	4
250	10	1	3.5	3.5
251	1	2	4	3
251	2	2	4	3
251	3	2	3	3
251	4	2	3	2
251	5	1	2.5	3
251	6	2	2.5	3.5
251	7	2	3	2
251	8	1	2	3.5
251	9	2	3	2.5
251	10	1	3.5	4
252	1	1	3	3.5
252	2	1	2	3.5
252	3	2	2	4
252	4	2	2	3.5
252	5	2	3	2.5
252	6	1	2.5	4
252	7	2	3.5	4
252	8	1	3.5	3.5
252	9	1	3.5	3.5
252	10	1	2.5	4
253	1	2	2	2
253	2	1	3	2.5
253	3	2	3.5	4
253	4	2	3.5	2
253	5	2	3	2
253	6	2	4	3.5
253	7	2	3	2.5
253	8	1	3	3
253	9	2	3	3.5
253	10	2	3.5	2
254	1	1	2.5	3.5
254	2	1	2.5	4
254	3	2	4	3.5
254	4	2	2.5	2.5
254	5	1	4	4
254	6	2	3	2
254	7	2	2.5	2.5
254	8	1	2	2.5
254	9	1	3	4
254	10	2	2	2
255	1	1	4	2.5
255	2	1	2	2
255	3	1	2.5	3.5
255	4	1	2.5	4
255	5	1	4	3.5
255	6	1	3.5	2.5
255	7	1	2	2.5
255	8	1	2.5	3
255	9	1	2	3
255	10	1	2	2
256	1	2	3.5	4
256	2	1	3	2.5
256	3	1	3.5	4
256	4	2	4	2.5
256	5	2	4	3.5
256	6	2	4	2
256	7	2	3	2.5
256	8	1	3	4
256	9	1	2	4
256	10	1	3	2
257	1	2	3	2
257	2	1	4	2.5
257	3	2	3	3
257	4	1	2.5	4
257	5	1	4	2.5
257	6	2	3.5	2
257	7	1	3	4
257	8	1	2.5	2
257	9	2	2	3
257	10	2	4	4
258	1	1	3	3.5
258	2	2	4	2
258	3	2	3.5	4
258	4	1	3.5	4
258	5	2	2	3
258	6	1	3	4
258	7	1	3	4
258	8	2	4	3.5
258	9	2	4	2
258	10	2	4	2.5
259	1	2	2	3.5
259	2	2	4	2
259	3	2	2.5	3
259	4	2	2	4
259	5	2	4	3.5
259	6	2	3.5	3
259	7	2	3.5	2.5
259	8	2	2.5	2
259	9	2	2.5	4
259	10	2	2	4
260	1	2	2.5	2
260	2	2	2	2
260	3	1	3	3.5
260	4	1	2	3
260	5	1	3	3.5
260	6	2	3.5	2
260	7	2	3.5	2.5
260	8	1	2.5	2
260	9	2	3.5	3.5
260	10	2	3	3
261	1	1	2.5	2
261	2	2	4	4
261	3	1	4	4
261	4	2	3.5	2.5
261	5	1	3.5	4
261	6	2	4	3
261	7	2	3	2
261	8	2	2.5	2.5
261	9	2	4	3
261	10	2	2	2.5
262	1	2	2.5	2
262	2	1	2.5	3
262	3	1	2	2.5
262	4	1	2.5	2.5
262	5	2	3	2.5
262	6	1	2	2
262	7	1	2.5	3.5
262	8	1	3	4
262	9	2	2.5	3
262	10	2	4	2
263	1	1	2.5	4
263	2	1	4	3.5
263	3	2	4	2.5
263	4	2	3.5	3
263	5	1	2	4
263	6	2	4	4
263	7	2	2	2.5
263	8	1	2	3
263	9	2	4	3
263	10	2	3.5	2
264	1	2	3.5	4
264	2	1	3.5	4
264	3	1	4	4
264	4	2	3.5	2
264	5	1	2.5	4
264	6	1	2	3.5
264	7	2	2.5	2
264	8	2	3	2
264	9	2	4	4
264	10	2	4	3.5
265	1	1	2.5	3.5
265	2	1	2.5	3.5
265	3	2	4	3
265	4	2	4	3
265	5	1	2	2
265	6	2	4	2.5
265	7	2	4	2
265	8	2	4	2
265	9	1	3	3.5
265	10	1	2.5	3.5
266	1	2	3.5	4
266	2	2	2	2.5
266	3	2	3	4
266	4	1	4	2.5
266	5	2	2	2
266	6	2	2.5	3.5
266	7	2	4	3.5
266	8	2	2	2
266	9	2	3	2.5
266	10	2	3	2
267	1	1	3	4
267	2	1	2.5	4
267	3	1	2	2
267	4	1	3	3
267	5	1	3	2
267	6	1	4	3.5
267	7	1	3	3.5
267	8	1	3	2
267	9	1	3.5	2
267	10	2	3.5	4
268	1	1	3.5	4
268	2	2	4	4
268	3	2	2.5	3
268	4	1	3.5	4
268	5	2	3.5	3
268	6	2	4	2
268	7	2	3.5	2
268	8	1	2.5	4
268	9	2	4	3
268	10	2	3.5	3
269	1	2	3.5	4
269	2	2	3.5	3.5
269	3	1	2	3.5
269	4	2	4	2.5
269	5	2	4	3.5
269	6	2	3.5	4
269	7	2	2.5	3.5
269	8	2	2.5	2.5
269	9	2	3.5	2.5
269	10	2	2.5	2
270	1	1	3.5	2
270	2	1	2	2.5
270	3	1	4	2
270	4	2	3.5	2
270	5	1	3.5	3
270	6	1	4	3
270	7	1	2	2.5
270	8	1	2.5	3
270	9	1	2	3
270	10	1	3.5	3.5
271	1	1	3.5	3.5
271	2	1	3.5	4
271	3	2	3.5	2.5
271	4	2	3	4
271	5	1	2.5	4
271	6	2	3.5	2
271	7	1	3	2.5
271	8	2	4	3.5
271	9	2	3.5	2
271	10	2	3	3
272	1	2	3.5	3.5
272	2	1	3	3.5
272	3	1	2.5	2.5
272	4	1	2.5	4
272	5	2	3	2.5
272	6	2	3.5	4
272	7	1	3.5	4
272	8	2	4	3
272	9	1	3	3
272	10	2	4	2
273	1	2	4	2.5
273	2	1	2.5	4
273	3	2	2.5	3
273	4	2	2.5	3.5
273	5	2	4	4
273	6	1	3.5	2.5
273	7	2	4	2.5
273	8	2	2.5	2.5
273	9	2	2.5	2
273	10	2	4	3
274	1	1	3.5	2.5
274	2	1	4	3
274	3	1	4	2
274	4	1	2.5	2
274	5	1	4	2
274	6	1	3.5	4
274	7	1	3	2
274	8	1	3.5	3.5
274	9	1	3	3
274	10	1	2.5	4
275	1	2	3	2.5
275	2	2	2	2
275	3	2	3.5	3
275	4	1	2	3.5
275	5	1	2.5	3
275	6	2	3	2.5
275	7	2	3.5	2.5
275	8	2	3.5	2
275	9	1	2.5	3.5
275	10	2	3.5	4
276	1	1	2.5	3
276	2	2	3	4
276	3	2	3	3.5
276	4	2	3	3.5
276	5	2	2.5	3
276	6	2	2	2
276	7	2	4	3
276	8	2	3	3
276	9	2	3	2
276	10	2	4	2
277	1	2	2.5	3
277	2	2	2	3
277	3	2	2	4
277	4	2	2.5	2.5
277	5	2	2	2.5
277	6	2	2	3
277	7	2	3.5	3
277	8	2	2	4
277	9	2	3	3
277	10	2	4	2
278	1	2	4	2
278	2	1	4	2.5
278	3	1	4	3
278	4	1	2	2
278	5	1	2.5	3.5
278	6	1	2	3.5
278	7	1	2	4
278	8	1	2	3.5
278	9	1	2	3.5
278	10	1	2.5	2
279	1	2	2	2.5
279	2	1	2	2.5
279	3	2	4	2
279	4	1	2.5	3
279	5	1	3	4
279	6	2	4	3
279	7	2	4	3
279	8	2	4	3
279	9	1	3	4
279	10	1	3.5	4
280	1	2	4	3
280	2	1	2	3
280	3	2	3.5	2.5
280	4	1	3	3.5
280	5	1	4	2
280	6	2	4	3
280	7	1	2.5	3
280	8	1	3.5	4
280	9	1	3	3.5
280	10	1	3.5	4
281	1	2	4	4
281	2	1	4	2.5
281	3	1	4	3
281	4	1	2.5	3.5
281	5	1	3	3.5
281	6	1	2.5	4
281	7	1	2.5	3.5
281	8	1	3.5	2
281	9	1	3	4
281	10	1	3	2.5
282	1	2	4	2
282	2	1	2	3.5
282	3	2	4	2.5
282	4	1	2	2.5
282	5	1	3	3.5
282	6	1	4	4
282	7	1	3.5	4
282	8	2	3.5	3.5
282	9	2	3.5	3
282	10	1	2.5	2.5
283	1	1	2.5	3
283	2	1	2.5	3.5
283	3	1	4	4
283	4	1	4	3.5
283	5	1	3	2
283	6	1	3	3.5
283	7	1	2.5	2.5
283	8	2	4	2
283	9	1	2.5	4
283	10	2	3	3
284	1	1	4	3.5
284	2	1	3.5	2.5
284	3	1	2.5	4
284	4	2	3	2.5
284	5	1	2	2
284	6	1	4	4
284	7	1	3.5	3.5
284	8	1	2.5	4
284	9	1	2	4
284	10	1	2.5	4
285	1	2	2	3
285	2	2	2.5	2.5
285	3	2	3	2
285	4	2	3	2
285	5	2	3.5	4
285	6	2	4	3.5
285	7	2	4	3
285	8	2	3.5	2.5
285	9	2	4	2.5
285	10	2	3.5	3
286	1	1	3	2.5
286	2	1	2	2
286	3	2	4	2.5
286	4	1	4	3.5
286	5	2	2	2
286	6	1	2	3
286	7	2	3.5	2
286	8	1	3	4
286	9	2	2.5	2.5
286	10	1	3.5	4
287	1	2	4	4
287	2	2	3.5	2.5
287	3	2	4	2.5
287	4	2	4	3.5
287	5	2	2.5	2
287	6	2	3.5	4
287	7	2	2.5	2.5
287	8	1	2	4
287	9	2	4	2.5
287	10	2	2	3.5
288	1	1	2.5	4
288	2	1	2	2.5
288	3	1	3.5	4
288	4	1	4	2
288	5	1	3	3
288	6	1	2	3
288	7	1	2.5	4
288	8	1	3.5	4
288	9	1	2.5	2.5
288	10	1	3	2.5
289	1	1	2	2.5
289	2	1	4	2
289	3	1	2.5	2.5
289	4	2	2	3
289	5	1	4	3.5
289	6	1	4	4
289	7	1	3	2.5
289	8	1	4	2.5
289	9	2	2	3
289	10	1	2	2.5
290	1	1	3	4
290	2	1	2.5	2.5
290	3	1	2	3.5
290	4	1	2.5	2
290	5	1	2	2.5
290	6	1	2.5	4
290	7	1	3.5	3
290	8	1	2	4
290	9	1	2	2.5
290	10	1	3.5	4
291	1	1	2.5	2.5
291	2	1	4	3
291	3	2	3	2
291	4	1	4	4
291	5	1	2.5	3
291	6	1	2.5	3.5
291	7	1	3.5	3.5
291	8	1	3	2
291	9	1	3.5	4
291	10	1	4	4
292	1	1	2.5	3.5
292	2	2	3	3
292	3	1	2	2.5
292	4	1	2	3
292	5	1	3.5	4
292	6	1	3.5	4
292	7	2	4	2
292	8	2	3	2
292	9	2	2	2.5
292	10	1	2	3.5
293	1	1	2.5	4
293	2	2	3.5	3
293	3	2	3	3.5
293	4	2	3	3
293	5	2	4	3
293	6	2	4	3
293	7	1	3.5	3.5
293	8	2	3.5	3
293	9	1	3.5	2.5
293	10	2	3	3.5
294	1	2	3	3.5
294	2	2	3.5	3
294	3	2	2.5	2
294	4	1	3.5	4
294	5	2	2.5	2.5
294	6	2	4	4
294	7	2	3.5	4
294	8	2	2	3.5
294	9	2	3	3.5
294	10	1	3.5	2.5
295	1	2	4	2
295	2	1	2	3
295	3	1	2.5	4
295	4	1	2.5	3
295	5	1	3	3
295	6	1	2	4
295	7	1	3.5	3.5
295	8	2	2.5	3
295	9	2	2.5	2.5
295	10	1	2.5	3.5
296	1	1	4	3.5
296	2	1	2	2.5
296	3	2	3.5	2.5
296	4	2	3	3.5
296	5	1	4	3
296	6	2	3.5	2.5
296	7	2	4	4
296	8	1	3	2
296	9	2	3	2.5
296	10	2	3	3
297	1	1	2.5	2
297	2	1	4	4
297	3	2	4	2.5
297	4	2	4	2.5
297	5	2	3.5	3
297	6	1	2.5	4
297	7	2	3	2.5
297	8	2	3.5	3.5
297	9	1	2	3
297	10	1	2	2
298	1	1	2	4
298	2	1	3.5	4
298	3	1	4	2
298	4	1	2.5	3.5
298	5	1	3	3.5
298	6	1	2.5	3
298	7	1	3	2
298	8	1	2	3.5
298	9	1	2	3
298	10	1	3.5	4
299	1	1	3.5	2.5
299	2	2	2	4
299	3	2	4	4
299	4	2	3.5	3
299	5	1	2	2
299	6	1	3.5	4
299	7	1	3.5	2.5
299	8	2	3	2
299	9	2	3	2
299	10	2	4	2
300	1	1	2	3.5
300	2	1	3	3
300	3	2	3	2
300	4	2	2.5	3
300	5	2	4	2.5
300	6	2	3.5	2.5
300	7	1	3	4
300	8	2	3	3
300	9	1	2	2.5
300	10	2	2.5	2
